///0///hash_data/pokedex/pokedex.txt///30036///]yy=,





206375

1103796





697932
















682101


































































































869007























877454
























343155





























































257966




398511

































































































702713





























































798776































394416










































118866














630403






















1126819
























393250
































696702









































1033126









533312















174937



























































804901

























30791




























































418835




































































































1025526























335824


































































496075





















769251































































































1151898



















775497


































300940


















































957061


















639338














































797689



























































725908








111241



































481209












736666













































































































871964



























962585
















1021990
















826303








208314




































































281464,405145



































367447







553857





























































699231










































556883






















372830



























951946






997192






































945304














































































































































































642523








918080








891965







































660974






























491902


1144501

























































452197


















1071892


















855709
















709744




















1108108

507839









































































524267








765320






















901662































1096370









1014470

























294867
















1132533


































































































519750

435593







482523

























479601









































































430218













































760015




















370349







































































302421

1034638






















































































678585









































779443
































828488







384694




















































































































351292





















































656921
























730750

839392
246575


946722










694278





















































































































665396













120215




845476





















860811








1124328








































































































979314











1041551



















































































































































767921





1135822



233751


















































655508

























216058













357400














17108






































































124139





457818








































































































829692







967420































544553








385807










900190

































































1101891





















349618


754594












668089























895547

































753327

























949598



985131




































































733256















933742





907098













494719



























311984










134497











177739
























































1022965
























986260















































497680



















598563



125585







1097664

























1003230












1027717

































982657






723408



1024059









11820,1141187
















33833

















973752












15897





















229858




















974851
417497













266313













827414































731995
















746416

































1120932

941395








360629



















75894











450740









179761






























340410
























994875













































904401









1148262





































































237648


































1171673


93425











152822
































274289



































77452
































































306532

566865


















689479





762684











796555












241806












701627








































































































1164908






564259




1122026































































































































303903


















































1054509












































880182










99634





















































373406,959730













































669578






















































































968552






1112071








































































339065





































163379























32316















812297















844299









































































































































738894



600032


























858219
























534915







































884986







605159











35329


















































971262


700329


































538207























































284195












133170










































































238924




























































509164



































414663







































































942808


















287169
1001984









































91857







110018






378959





















690658














582801






604035
972412


















48133



































50928
























1015911





















































1056804



































282941
















1018165





















530521



























































































1168302


74301

225726










































446788,543171





















27992
























14514
































































578937





























469653



















































































444119









178338





















490226































485199












486553







388386




293377


















































































358912


217314












310623

































































































1076475






































26717



1153040




853171


983891








































































































587017



848005




616211






889590







867721





401277









441421























510192










































57071



1502





























































368866








476672
































1011805




473999,577788


1031885













































1125453








































561646











































387051




1156265





















1067408










1113384


913099

























613386





































































608946

















































































































































































































97017









1026716






704000
























324009
















881374






20646,1099727
















































































1155383






























131671








142501





















316104


























































197950














































































































314685


































459246





































































707693







































181864











108250




























9000,555110




















593398

963765













999540












































117666


















148576

2847



















































122828







961198

964920












808461













































































399831







































































































49532





































870603




585522




803667


























































981415


















































176332






1119825
19544



























344487





















1048157









794209

















































361968
935146




























1053288












































































































































346376
817439


































915450


























517609







































































































































790579
































195960














764010






220010













































160882







































788373








173525


















810684





















































































































356005








































37955












































































































167203






288651








































751894








712974







1095390































589783





943986






1008278































































280280






























69971








































403874





212118












836486







































80174


506661















462374























658085





















































1149505















































271389
272819












































































88776











549611























































































201892

















743959























602774













264783



































































1030531

774314


















706392










157937














755830
















































1143451

























59567
















203299
711870















873395
789447































691993


































































652478









513938





































































601240







607747







































468242











































955818




































































814824

465203













911809








































139485





















893162


























375944


































































633233





















































573083




1035993








835097























































940305










924449


















1166199




























44230,991313








714140
























































41137,886392























































1079716
























































552671












































824974

235053


































659535




















262267

















620330













1083102










1075425






















































































929586


90387







471208





















887403


































493300













































135780









































































806094
1074310

























































1045611



























735392



252073












































































1160037

































































1111255






























1107038








































































































































472817



























1128341


























































504163










































475253
















560476,1059631




































625618































































































254854














519116





715287























584180

































992381








































































320145





























1061036








































846688












380288


















442798








191577



















63527



























102531
747693










































562967


1081970























































































66017











1058138




























































1158792






























































1106050
674181


















1044299






737786












42429,224262






































































256479


















































425268



285583






115297











145458,854314





















1090173





























244828





420584








996029

646471

























719403

366205

























822402




















1062458




















































































650485






































590995




























1000702
374676









460896


















321426





























































1046670


























1049584















551642









165823
































































626670

















































































































512519










548306


653944






























































1046097


958351




























































































627866










































783583












































13361










680916






















































859519







































55822
















































































679789























248047



647902

















611896




347992










































































172083















721750

























































966300


437085



















791798








516351






863630

















































72820

980298






















13950





































259508











































































645172















521250























734394


948122









































708733












621881


































1020799

















502263




840738






















































214681

631927











396994









408975










850424













































1069597


















213442





























1140350










505417



















































































































571119
























975958




































































































816183


558150













23097




922141





































772987

























































































































































1115455































1169394


328563








































































594642





























192952







84171









331359



























































280835


















710766




























675295











































569951

































905638

159603










































363387




407633












253557











































720531


1154133






































































1086278
































623367



























865044






































































































318847









1157476





278905










629063
























































571757



























455014




















322654













































































































445456,615053




























190273

























862222









928229


183355








410489
297873










1052133





















402766


























749096






371582


515049
































926837






164548















































1114386



































































449383








































































597270



838047


856956





























































































987569









































1084145


















































71333


































































890771





























499083


































199242























































40




60839





























953198






























1013062
















































1080920





































896722
















383558














10455








































































717966





















1134420























595971




















1104903




169110








































1162474











823802

1087904






















684596























































307800


































849220





592193















































842021







1029148







































236374




483880




745223





787224














640762


















888468























































































































































151228
930995





















770432



390004



















































240220





























87184





































1077704


























334152

























































































































































































































104025



















136907


































































978187














428707





















950721



































138067











































































































81348


















144037











































908250





742762




1138076





















































































94679
























































































1116562




































1098663



677033

























488928


1136940














































































































156541






























1017298

















807412



























914272






















531780






































































716515













354320
























1142362




















































672868


































































































































































































































































332745















































897862











































478111



188917
















268731

































































































































243223










337697




















149945






277090






























































































851617








232480









990049



































































222790





















78818









































327354
































18432






5873















































184752




162131















68556





528867




















381811
























105304











511358















































































































1072978





























































































204622

















740200





























































































































1103114







64692
58346


































































































































































502935











610299




932393







































































































128582















1042876


547191


























522805



































































305195





















326738
























1004481














































































































































988902





























































1019548







422391










































































































649165




































































1109183
















































52720






4326




























574289










































275732



























46188
















































































































































786177,821123























































































568058

970078




































693158










221423
618800
















































































555720




























811236






















21763





























685961
































1093459


















































































































550648
















894337



778099

























































































568711


































































771741

























































1086823





























39718























876259
































890192






































634750










































85635




588489




















































431537





















1063473











539429








16521















456535























227180














758545



















































527209




























291861





















































































432801




















































































































































1147043







250736
559276





































































317512,954525



































1139224



352837











1094413
































766603





1078751









1092389









































































874754




















54527




































819816











269986



































































126955


















112604,329933






453531


























































581406














130135















































325379
































391557
















116438



























































181321
937998







































977074










757065



















218517








727201





1055760











101100







687141































































67291,898992






434192


























919487

























487573






438587

















643776



































































154643




































910578





















































785109




























































1167298

36709





724674


263535



576598


























































































313362






























































1010647





























565619





809556

























































448057























































800018

146908





























637860




776707







299363




































395802


923330













695463














1161329














187600


























































1068795



















296298









































231180













1085133









1005746






































290335








186201



































260890



































121546




























































































































































818624































1129800





























































































































782217



663924

















741458




















377407

249488



427142


















































































































1070757











24418














909365





364964
























































































662489






























































98361





















































833642






















































7301

341736

































































































































140923






































95827
























792990
















1091285


580154




































500559












170487












































































1040176















750669








466611
267539























































795302










































1117689





843144












































































624486




























































































































540521




1145764








1118733






































































1110223






















































































































546053























780840



























































































































































525670



194430




541775





































































































































































683297























1163552
























1050878




























617398
































































































1007089


































1089178








1123243







998383















813476

416066































666752


















































1064862



82650





















866374


























































936742













29272





































536586



801224


















































575449























802408


























































































413419































































670807
















920994























606468
































































1037248


























228550























729385







832325





























































993636




























939242


1150751





























































































671780













































































































































114140


























411947




883791





































































































































1100750

























































309074












200575
1131212


























































































106605

830979





25597



1170413

371035


































463878























878736















882496

636518,903335


















688254






















440073


























1038564




































62209








705078








































761425





































































































916754




































728287





















925583







































1009542

























































423855
1066149



















































406308